Philippines,Jul-Dec 2006 harvest,,,Jan-Jun 2007 harvest,,,Jul-Dec 2011 harvest,,,Jan-Jun 2012 harvest,,,Jul-Dec 2016 harvest,,,Jan-Jun 2017 harvest,,
Tenurial Status*,ALL ECOSYSTEMS,IRRIGATED,NON-IRRIGATED,ALL ECOSYSTEMS,IRRIGATED,NON-IRRIGATED,ALL ECOSYSTEMS,IRRIGATED,NON-IRRIGATED,ALL ECOSYSTEMS,IRRIGATED,NON-IRRIGATED,ALL ECOSYSTEMS,IRRIGATED,NON-IRRIGATED,ALL ECOSYSTEMS,IRRIGATED,NON-IRRIGATED
,"(n = 1,959)","(n = 1,354)",(n = 605),"(n = 1,965)","(n = 1,675)",(n = 289),"(n = 2,500)","(n = 1,905)",(n = 595),"(n = 2,235)","(n = 1,727)",(n = 508),"(n = 3,074)","(n = 2,082)",(n = 992),"(n = 3,001)","(n = 2,271)",(n = 730)
,(Percent of farmers),,,,,,,,,,,,,,,,,
Owner,50,51,48,52,53,47,53,55,48,52,52,53,62,63,61,62,62,62
Tenant,33,30,39,33,31,42,38,36,44,38,36,44,34,33,36,33,32,35
Lessee,17,18,15,16,16,12,10,11,8,12,14,6,9,10,8,12,13,9
Amortizing/partially owned,6,6,4,5,5,3,4,4,4,4,4,3,2,2,2,2,2,2
Mortgagee,5,5,4,4,4,5,2,2,2,3,3,1,2,2,2,2,2,1
Common/own by parents/free of rent/own like,1,1,1,1,1,1,1,1,2,2,1,3,1,1,1,0,0,0
Others (unspecified)/accretion,0,0,0,0,0,0,0,0,0,2,2,2,0,0,0,0,0,0
Unspecified/accretion,0,0,0,0,0,0,1,2,1,0,0,0,0,0,0,0,0,0
Permanent hired labor/porsyentuhan,0,0,0,0,0,0,0.4,0.5,0,0,0.1,0,0.1,0.1,0,0,0,0
Maintainer,0,0,0,0.3,0.4,0,0,0,0,0.2,0.2,0.2,0,0,0,0,0,0
Buwisang malaya,0,0,0,0,0,0,0,0,0,0.2,0.2,0.2,0,0,0,0,0,0
Administrator/maintainer,0.3,0.4,0,0,0,0,0,0,0,0,0,0,0,0,0,0,0,0
Borrowed,0,0,0,0,0,0,0,0,0,0,0,0,0,0,0,0.1,0.1,0
Rotation,0,0,0,0,0,0,0,0,0,0,0,0,0,0,0,0.1,0.1,0.1
Illegal tenant,0.1,0.1,0,0,0,0,0,0,0,0,0,0,0,0,0,0,0,0
Owned by friend,0.1,0.1,0,0,0,0,0,0,0,0,0,0,0,0,0,0,0,0
Crop-share,0,0,0,0.1,0.1,0,0,0,0,0,0,0,0,0,0,0,0,0
Inherited,0,0,0,0.1,0.1,0,0,0,0,0,0,0,0,0,0,0,0,0
Ilocos Norte,Jul-Dec 2006 harvest,,,Jan-Jun 2007 harvest,,,Jul-Dec 2011 harvest,,,Jan-Jun 2012 harvest,,,Jul-Dec 2016 harvest,,,Jan-Jun 2017 harvest,,
Tenurial Status*,ALL ECOSYSTEMS,IRRIGATED,NON-IRRIGATED,ALL ECOSYSTEMS,IRRIGATED,NON-IRRIGATED,ALL ECOSYSTEMS,IRRIGATED,NON-IRRIGATED,ALL ECOSYSTEMS,IRRIGATED,NON-IRRIGATED,ALL ECOSYSTEMS,IRRIGATED,NON-IRRIGATED,ALL ECOSYSTEMS,IRRIGATED,NON-IRRIGATED
,(n = 57),(n = 42),(n = 15),(n = 56),(n = 54),(n = 2),(n = 60),(n = 57),(n = 3),(n = 54),(n = 38),(n = 16),(n = 60),(n = 48),(n = 12),(n = 60),(n = 56),(n = 4)
,(Percent of farmers),,,,,,,,,,,,,,,,,
Tenant,68,67,73,66,65,100,70,68,100,76,74,81,63,58,83,68,68,75
Owner,51,55,40,50,52,0,52,53,33,44,42,50,48,52,33,43,43,50
Lessee,4,0,13,13,13,0,0,0,0,2,3,0,0,0,0,0,0,0
Amortizing/partially owned,1.8,2.4,0,1.8,1.9,0,3.3,3.5,0,1.9,2.6,0,0,0,0,3.3,3.6,0
Mortgagee,3.5,2.4,6.7,1.8,1.9,0,0,0,0,3.7,2.6,6.3,0,0,0,0,0,0
Common/own by parents/free of rent/own like,1.8,0,6.7,0,0,0,0,0,0,0,0,0,1.7,2.1,0,0,0,0
Others (unspecified)/accretion,0,0,0,0,0,0,0,0,0,3.7,2.6,6.3,0,0,0,0,0,0
Unspecified/accretion,0,0,0,0,0,0,1.7,1.8,0,0,0,0,0,0,0,0,0,0
Pangasinan,Jul-Dec 2006 harvest,,,Jan-Jun 2007 harvest,,,Jul-Dec 2011 harvest,,,Jan-Jun 2012 harvest,,,Jul-Dec 2016 harvest,,,Jan-Jun 2017 harvest,,
Tenurial Status*,ALL ECOSYSTEMS,IRRIGATED,NON-IRRIGATED,ALL ECOSYSTEMS,IRRIGATED,NON-IRRIGATED,ALL ECOSYSTEMS,IRRIGATED,NON-IRRIGATED,ALL ECOSYSTEMS,IRRIGATED,NON-IRRIGATED,ALL ECOSYSTEMS,IRRIGATED,NON-IRRIGATED,ALL ECOSYSTEMS,IRRIGATED,NON-IRRIGATED
,(n = 147),(n = 96),(n = 51),(n = 147),(n = 147),(n = 0),(n = 151),(n = 121),(n = 30),(n = 119),(n = 96),(n = 23),(n = 151),(n = 104),(n = 47),(n = 151),(n = 137),(n = 14)
,(Percent of farmers),,,,,,,,,,,,,,,,,
Tenant,54,59,45,58,58,0,58,60,50,55,59,35,57,58,55,40,42,29
Owner,37,35,41,41,41,0,49,46,60,44,40,61,47,48,45,36,37,29
Lessee,16,15,20,12,12,0,8,10,0,8,9,4,9,8,13,34,33,43
Amortizing/partially owned,1.4,2.1,0,0.7,0.7,0,2,2.5,0,0.8,1,0,0,0,0,1.3,1.5,0
Others (unspecified)/accretion,0,0,0,0,0,0,0,0,0,3.4,4.2,0,0,0,0,0,0,0
Common/own by parents/free of rent/own like,0.7,1,0,0,0,0,0.7,0.8,0,0,0,0,0,0,0,0,0,0
Mortgagee,0.7,0,2,0,0,0,0,0,0,0,0,0,0,0,0,0,0,0
Apayao,Jul-Dec 2006 harvest,,,Jan-Jun 2007 harvest,,,Jul-Dec 2011 harvest,,,Jan-Jun 2012 harvest,,,Jul-Dec 2016 harvest,,,Jan-Jun 2017 harvest,,
Tenurial Status*,ALL ECOSYSTEMS,IRRIGATED,NON-IRRIGATED,ALL ECOSYSTEMS,IRRIGATED,NON-IRRIGATED,ALL ECOSYSTEMS,IRRIGATED,NON-IRRIGATED,ALL ECOSYSTEMS,IRRIGATED,NON-IRRIGATED,ALL ECOSYSTEMS,IRRIGATED,NON-IRRIGATED,ALL ECOSYSTEMS,IRRIGATED,NON-IRRIGATED
,(n = 0),(n = 0),(n = 0),(n = 0),(n = 0),(n = 0),(n = 0),(n = 0),(n = 0),(n = 0),(n = 0),(n = 0),(n = 60),(n = 47),(n = 13),(n = 60),(n = 56),(n = 4)
,(Percent of farmers),,,,,,,,,,,,,,,,,
Owner,0,0,0,0,0,0,0,0,0,0,0,0,60,60,62,60,59,75
Tenant,0,0,0,0,0,0,0,0,0,0,0,0,52,55,38,42,43,25
Amortizing/partially owned,0,0,0,0,0,0,0,0,0,0,0,0,7,9,0,13,14,0
Lessee,0,0,0,0,0,0,0,0,0,0,0,0,5,4.3,7.7,5,5.4,0
Common/own by parents/free of rent/own like,0,0,0,0,0,0,0,0,0,0,0,0,1.7,0,7.7,0,0,0
Kalinga,Jul-Dec 2006 harvest,,,Jan-Jun 2007 harvest,,,Jul-Dec 2011 harvest,,,Jan-Jun 2012 harvest,,,Jul-Dec 2016 harvest,,,Jan-Jun 2017 harvest,,
Tenurial Status*,ALL ECOSYSTEMS,IRRIGATED,NON-IRRIGATED,ALL ECOSYSTEMS,IRRIGATED,NON-IRRIGATED,ALL ECOSYSTEMS,IRRIGATED,NON-IRRIGATED,ALL ECOSYSTEMS,IRRIGATED,NON-IRRIGATED,ALL ECOSYSTEMS,IRRIGATED,NON-IRRIGATED,ALL ECOSYSTEMS,IRRIGATED,NON-IRRIGATED
,(n = 0),(n = 0),(n = 0),(n = 0),(n = 0),(n = 0),(n = 0),(n = 0),(n = 0),(n = 0),(n = 0),(n = 0),(n = 60),(n = 47),(n = 13),(n = 60),(n = 52),(n = 8)
,(Percent of farmers),,,,,,,,,,,,,,,,,
Owner,0,0,0,0,0,0,0,0,0,0,0,0,80,79,85,63,65,50
Tenant,0,0,0,0,0,0,0,0,0,0,0,0,20,23,8,33,35,25
Lessee,0,0,0,0,0,0,0,0,0,0,0,0,5,4.3,7.7,5,3.8,12.5
Mortgagee,0,0,0,0,0,0,0,0,0,0,0,0,1.7,2.1,0,5,3.8,12.5
Amortizing/partially owned,0,0,0,0,0,0,0,0,0,0,0,0,0,0,0,1.7,1.9,0
Cagayan,Jul-Dec 2006 harvest,,,Jan-Jun 2007 harvest,,,Jul-Dec 2011 harvest,,,Jan-Jun 2012 harvest,,,Jul-Dec 2016 harvest,,,Jan-Jun 2017 harvest,,
Tenurial Status*,ALL ECOSYSTEMS,IRRIGATED,NON-IRRIGATED,ALL ECOSYSTEMS,IRRIGATED,NON-IRRIGATED,ALL ECOSYSTEMS,IRRIGATED,NON-IRRIGATED,ALL ECOSYSTEMS,IRRIGATED,NON-IRRIGATED,ALL ECOSYSTEMS,IRRIGATED,NON-IRRIGATED,ALL ECOSYSTEMS,IRRIGATED,NON-IRRIGATED
,(n = 114),(n = 87),(n = 27),(n = 114),(n = 82),(n = 32),(n = 116),(n = 89),(n = 27),(n = 112),(n = 88),(n = 24),(n = 116),(n = 84),(n = 32),(n = 116),(n = 101),(n = 15)
,(Percent of farmers),,,,,,,,,,,,,,,,,
Owner,72,66,93,71,65,88,70,70,70,69,63,92,68,63,81,68,66,80
Tenant,31,36,15,41,46,28,39,40,33,38,42,25,29,35,16,35,35,40
Lessee,8,9,4,5,6,3,4,6,0,13,15,4,7,7,6,4,5,0
Mortgagee,8,10,0,10,12,3,2,1,4,2,2,0,3,2,3,2,2,0
Amortizing/partially owned,6,6,7,5,6,3,4,4,4,3,3,0,1,0,3,1,1,0
Unspecified/accretion,0,0,0,0,0,0,7,7,7,0,0,0,0,0,0,0,0,0
Common/own by parents/free of rent/own like,0,0,0,0,0,0,0,0,0,0,0,0,0,0,0,2.6,3,0
Others (unspecified)/accretion,0,0,0,0,0,0,0,0,0,1.8,2.3,0,0,0,0,0,0,0
Isabela,Jul-Dec 2006 harvest,,,Jan-Jun 2007 harvest,,,Jul-Dec 2011 harvest,,,Jan-Jun 2012 harvest,,,Jul-Dec 2016 harvest,,,Jan-Jun 2017 harvest,,
Tenurial Status*,ALL ECOSYSTEMS,IRRIGATED,NON-IRRIGATED,ALL ECOSYSTEMS,IRRIGATED,NON-IRRIGATED,ALL ECOSYSTEMS,IRRIGATED,NON-IRRIGATED,ALL ECOSYSTEMS,IRRIGATED,NON-IRRIGATED,ALL ECOSYSTEMS,IRRIGATED,NON-IRRIGATED,ALL ECOSYSTEMS,IRRIGATED,NON-IRRIGATED
,(n = 89),(n = 74),(n = 15),(n = 89),(n = 75),(n = 14),(n = 116),(n = 92),(n = 24),(n = 115),(n = 90),(n = 25),(n = 116),(n = 96),(n = 20),(n = 116),(n = 104),(n = 12)
,(Percent of farmers),,,,,,,,,,,,,,,,,
Owner,72,73,67,74,73,79,76,75,79,77,77,76,80,81,75,77,75,92
Tenant,21,16,47,18,16,29,20,15,38,20,17,32,15,13,25,21,22,8
Lessee,11,12,7,10,12,0,9,12,0,3,3,0,9,9,5,6,7,0
Mortgagee,10,11,7,8,8,7,4,4,4,10,11,4,0,0,0,0,0,0
Amortizing/partially owned,4.5,5.4,0,4.5,5.3,0,5.2,6.5,0,5.2,5.6,4,0,0,0,5.2,4.8,8.3
Common/own by parents/free of rent/own like,1.1,1.4,0,0,0,0,0.9,1.1,0,0,0,0,2.6,3.1,0,1.7,1.9,0
Others (unspecified)/accretion,0,0,0,0,0,0,0,0,0,0.9,0,4,0,0,0,0,0,0
Nueva Vizcaya,Jul-Dec 2006 harvest,,,Jan-Jun 2007 harvest,,,Jul-Dec 2011 harvest,,,Jan-Jun 2012 harvest,,,Jul-Dec 2016 harvest,,,Jan-Jun 2017 harvest,,
Tenurial Status*,ALL ECOSYSTEMS,IRRIGATED,NON-IRRIGATED,ALL ECOSYSTEMS,IRRIGATED,NON-IRRIGATED,ALL ECOSYSTEMS,IRRIGATED,NON-IRRIGATED,ALL ECOSYSTEMS,IRRIGATED,NON-IRRIGATED,ALL ECOSYSTEMS,IRRIGATED,NON-IRRIGATED,ALL ECOSYSTEMS,IRRIGATED,NON-IRRIGATED
,(n = 0),(n = 0),(n = 0),(n = 0),(n = 0),(n = 0),(n = 0),(n = 0),(n = 0),(n = 0),(n = 0),(n = 0),(n = 60),(n = 47),(n = 13),(n = 60),(n = 56),(n = 4)
,(Percent of farmers),,,,,,,,,,,,,,,,,
Owner,0,0,0,0,0,0,0,0,0,0,0,0,68,74,46,63,66,25
Tenant,0,0,0,0,0,0,0,0,0,0,0,0,10,6,23,43,41,75
Lessee,0,0,0,0,0,0,0,0,0,0,0,0,40,38,46,5,5,0
Permanent hired labor/porsyentuhan,0,0,0,0,0,0,0,0,0,0,0,0,3.3,4.3,0,0,0,0
Mortgagee,0,0,0,0,0,0,0,0,0,0,0,0,0,0,0,1.7,1.8,0
Common/own by parents/free of rent/own like,0,0,0,0,0,0,0,0,0,0,0,0,1.7,0,7.7,0,0,0
Aurora,Jul-Dec 2006 harvest,,,Jan-Jun 2007 harvest,,,Jul-Dec 2011 harvest,,,Jan-Jun 2012 harvest,,,Jul-Dec 2016 harvest,,,Jan-Jun 2017 harvest,,
Tenurial Status*,ALL ECOSYSTEMS,IRRIGATED,NON-IRRIGATED,ALL ECOSYSTEMS,IRRIGATED,NON-IRRIGATED,ALL ECOSYSTEMS,IRRIGATED,NON-IRRIGATED,ALL ECOSYSTEMS,IRRIGATED,NON-IRRIGATED,ALL ECOSYSTEMS,IRRIGATED,NON-IRRIGATED,ALL ECOSYSTEMS,IRRIGATED,NON-IRRIGATED
,(n = 57),(n = 55),(n = 2),(n = 58),(n = 57),(n = 1),(n = 60),(n = 56),(n = 4),(n = 55),(n = 53),(n = 2),(n = 60),(n = 57),(n = 3),(n = 60),(n = 60),(n = 0)
,(Percent of farmers),,,,,,,,,,,,,,,,,
Owner,60,58,100,62,63,0,50,48,75,53,51,100,67,65,100,72,72,0
Tenant,25,25,0,29,28,100,48,46,75,40,42,0,43,44,33,30,30,0
Lessee,16,16,0,17,18,0,17,18,0,11,11,0,12,12,0,18,18,0
Mortgagee,1.8,1.8,0,5.2,5.3,0,0,0,0,0,0,0,3.3,3.5,0,3.3,3.3,0
Amortizing/partially owned,1.8,1.8,0,1.7,1.8,0,5,5.4,0,3.6,3.8,0,0,0,0,0,0,0
Unspecified/accretion,0,0,0,0,0,0,5,3.6,25,0,0,0,0,0,0,0,0,0
Bulacan,Jul-Dec 2006 harvest,,,Jan-Jun 2007 harvest,,,Jul-Dec 2011 harvest,,,Jan-Jun 2012 harvest,,,Jul-Dec 2016 harvest,,,Jan-Jun 2017 harvest,,
Tenurial Status*,ALL ECOSYSTEMS,IRRIGATED,NON-IRRIGATED,ALL ECOSYSTEMS,IRRIGATED,NON-IRRIGATED,ALL ECOSYSTEMS,IRRIGATED,NON-IRRIGATED,ALL ECOSYSTEMS,IRRIGATED,NON-IRRIGATED,ALL ECOSYSTEMS,IRRIGATED,NON-IRRIGATED,ALL ECOSYSTEMS,IRRIGATED,NON-IRRIGATED
,(n = 77),(n = 35),(n = 42),(n = 75),(n = 75),(n = 0),(n = 86),(n = 45),(n = 41),(n = 43),(n = 38),(n = 5),(n = 86),(n = 48),(n = 38),(n = 82),(n = 57),(n = 25)
,(Percent of farmers),,,,,,,,,,,,,,,,,
Owner,49,51,48,41,41,0,50,53,46,63,66,40,64,65,63,61,63,56
Tenant,31,31,31,9,9,0,47,40,54,35,34,40,26,25,26,20,16,28
Lessee,18,17,19,40,40,0,1,2,0,5,3,20,12,13,11,26,28,20
Amortizing/partially owned,1.3,0,2.4,8,8,0,2.3,4.4,0,2.3,2.6,0,0,0,0,0,0,0
Mortgagee,0,0,0,0,0,0,0,0,0,4.7,5.3,0,1.2,2.1,0,0,0,0
Common/own by parents/free of rent/own like,0,0,0,0,0,0,0,0,0,0,0,0,0,0,0,3.7,5.3,0
Unspecified/accretion,0,0,0,0,0,0,1.2,2.2,0,0,0,0,0,0,0,0,0,0
Nueva Ecija,Jul-Dec 2006 harvest,,,Jan-Jun 2007 harvest,,,Jul-Dec 2011 harvest,,,Jan-Jun 2012 harvest,,,Jul-Dec 2016 harvest,,,Jan-Jun 2017 harvest,,
Tenurial Status*,ALL ECOSYSTEMS,IRRIGATED,NON-IRRIGATED,ALL ECOSYSTEMS,IRRIGATED,NON-IRRIGATED,ALL ECOSYSTEMS,IRRIGATED,NON-IRRIGATED,ALL ECOSYSTEMS,IRRIGATED,NON-IRRIGATED,ALL ECOSYSTEMS,IRRIGATED,NON-IRRIGATED,ALL ECOSYSTEMS,IRRIGATED,NON-IRRIGATED
,(n = 110),(n = 97),(n = 13),(n = 110),(n = 109),(n = 1),(n = 151),(n = 144),(n = 7),(n = 145),(n = 136),(n = 9),(n = 151),(n = 114),(n = 37),(n = 151),(n = 145),(n = 6)
,(Percent of farmers),,,,,,,,,,,,,,,,,
Owner,45,49,15,68,69,0,67,69,14,68,68,67,81,85,68,79,80,50
Lessee,25,23,38,13,13,0,18,17,29,18,19,0,11,10,14,12,12,17
Amortizing/partially owned,26,25,38,18,17,100,12,10,43,10,10,11,3,3,5,2,1,17
Tenant,5,5,0,2,2,0,5,5,0,8,7,11,11,8,19,13,12,17
Mortgagee,1.8,1,7.7,5.5,5.5,0,3.3,2.8,14.3,0.7,0.7,0,2,1.8,2.7,1.3,1.4,0
Others (unspecified)/accretion,0,0,0,0,0,0,0,0,0,5,5,0,0,0,0,0,0,0
Common/own by parents/free of rent/own like,2.7,3.1,0,0,0,0,0,0,0,0.7,0.7,0,1.3,0,5.4,0.7,0.7,0
Buwisang malaya,0,0,0,0,0,0,0,0,0,3.4,2.9,11.1,0,0,0,0,0,0
Borrowed,0,0,0,0,0,0,0,0,0,0,0,0,0,0,0,1.3,1.4,0
Illegal tenant,1.8,2.1,0,0,0,0,0,0,0,0,0,0,0,0,0,0,0,0
Permanent hired labor/porsyentuhan,0,0,0,0,0,0,0,0,0,0.7,0.7,0,0,0,0,0,0,0
Unspecified/accretion,0,0,0,0,0,0,0.7,0.7,0,0,0,0,0,0,0,0,0,0
Pampanga,Jul-Dec 2006 harvest,,,Jan-Jun 2007 harvest,,,Jul-Dec 2011 harvest,,,Jan-Jun 2012 harvest,,,Jul-Dec 2016 harvest,,,Jan-Jun 2017 harvest,,
Tenurial Status*,ALL ECOSYSTEMS,IRRIGATED,NON-IRRIGATED,ALL ECOSYSTEMS,IRRIGATED,NON-IRRIGATED,ALL ECOSYSTEMS,IRRIGATED,NON-IRRIGATED,ALL ECOSYSTEMS,IRRIGATED,NON-IRRIGATED,ALL ECOSYSTEMS,IRRIGATED,NON-IRRIGATED,ALL ECOSYSTEMS,IRRIGATED,NON-IRRIGATED
,(n = 56),(n = 49),(n = 7),(n = 56),(n = 56),(n = 0),(n = 60),(n = 60),(n = 0),(n = 58),(n = 58),(n = 0),(n = 60),(n = 46),(n = 14),(n = 60),(n = 60),(n = 0)
,(Percent of farmers),,,,,,,,,,,,,,,,,
Owner,54,53,57,63,63,0,65,65,0,62,62,0,77,78,71,58,58,0
Tenant,18,14,43,7,7,0,28,28,0,22,22,0,10,9,14,25,25,0
Lessee,25,27,14,25,25,0,2,2,0,3,3,0,10,11,7,17,17,0
Amortizing/partially owned,9,8,14,5,5,0,5,5,0,21,21,0,3,4,0,5,5,0
Mortgagee,0,0,0,0,0,0,1.7,1.7,0,0,0,0,0,0,0,1.7,1.7,0
Common/own by parents/free of rent/own like,0,0,0,0,0,0,0,0,0,0,0,0,1.7,2.2,0,1.7,1.7,0
Inherited,0,0,0,1.8,1.8,0,0,0,0,0,0,0,0,0,0,0,0,0
Others (unspecified)/accretion,0,0,0,0,0,0,0,0,0,1.7,1.7,0,0,0,0,0,0,0
Tarlac,Jul-Dec 2006 harvest,,,Jan-Jun 2007 harvest,,,Jul-Dec 2011 harvest,,,Jan-Jun 2012 harvest,,,Jul-Dec 2016 harvest,,,Jan-Jun 2017 harvest,,
Tenurial Status*,ALL ECOSYSTEMS,IRRIGATED,NON-IRRIGATED,ALL ECOSYSTEMS,IRRIGATED,NON-IRRIGATED,ALL ECOSYSTEMS,IRRIGATED,NON-IRRIGATED,ALL ECOSYSTEMS,IRRIGATED,NON-IRRIGATED,ALL ECOSYSTEMS,IRRIGATED,NON-IRRIGATED,ALL ECOSYSTEMS,IRRIGATED,NON-IRRIGATED
,(n = 68),(n = 49),(n = 19),(n = 76),(n = 76),(n = 0),(n = 86),(n = 77),(n = 9),(n = 77),(n = 75),(n = 2),(n = 86),(n = 55),(n = 31),(n = 86),(n = 76),(n = 10)
,(Percent of farmers),,,,,,,,,,,,,,,,,
Owner,65,65,63,61,61,0,62,64,44,56,57,0,64,67,58,73,75,60
Lessee,18,22,5,24,24,0,12,12,11,18,19,0,23,24,23,29,25,60
Tenant,13,2,42,12,12,0,23,19,56,26,24,100,33,31,35,13,11,30
Amortizing/partially owned,12,16,0,14,14,0,6,6,0,5,5,0,1,2,0,1,1,0
Mortgagee,1.5,2,0,0,0,0,2.3,2.6,0,2.6,2.7,0,1.2,0,3.2,3.5,3.9,0
Unspecified/accretion,0,0,0,0,0,0,2.3,2.6,0,0,0,0,0,0,0,0,0,0
Others (unspecified)/accretion,0,0,0,0,0,0,0,0,0,1.3,1.3,0,0,0,0,0,0,0
Common/own by parents/free of rent/own like,0,0,0,0,0,0,0,0,0,1.3,1.3,0,0,0,0,0,0,0
Laguna,Jul-Dec 2006 harvest,,,Jan-Jun 2007 harvest,,,Jul-Dec 2011 harvest,,,Jan-Jun 2012 harvest,,,Jul-Dec 2016 harvest,,,Jan-Jun 2017 harvest,,
Tenurial Status*,ALL ECOSYSTEMS,IRRIGATED,NON-IRRIGATED,ALL ECOSYSTEMS,IRRIGATED,NON-IRRIGATED,ALL ECOSYSTEMS,IRRIGATED,NON-IRRIGATED,ALL ECOSYSTEMS,IRRIGATED,NON-IRRIGATED,ALL ECOSYSTEMS,IRRIGATED,NON-IRRIGATED,ALL ECOSYSTEMS,IRRIGATED,NON-IRRIGATED
,(n = 56),(n = 38),(n = 18),(n = 56),(n = 46),(n = 10),(n = 60),(n = 60),(n = 0),(n = 57),(n = 56),(n = 1),(n = 60),(n = 45),(n = 15),(n = 60),(n = 48),(n = 12)
,(Percent of farmers),,,,,,,,,,,,,,,,,
Tenant,29,37,11,36,41,10,33,33,0,49,48,100,62,58,73,45,48,33
Owner,39,37,44,38,33,60,25,25,0,26,27,0,42,44,33,43,44,42
Lessee,50,39,72,43,39,60,52,52,0,40,41,0,0,0,0,17,15,25
Amortizing/partially owned,3.6,5.3,0,1.8,2.2,0,6.7,6.7,0,7,7.1,0,0,0,0,0,0,0
Mortgagee,0,0,0,3.6,4.3,0,1.7,1.7,0,0,0,0,0,0,0,0,0,0
Common/own by parents/free of rent/own like,0,0,0,0,0,0,0,0,0,0,0,0,1.7,2.2,0,0,0,0
Quezon,Jul-Dec 2006 harvest,,,Jan-Jun 2007 harvest,,,Jul-Dec 2011 harvest,,,Jan-Jun 2012 harvest,,,Jul-Dec 2016 harvest,,,Jan-Jun 2017 harvest,,
Tenurial Status*,ALL ECOSYSTEMS,IRRIGATED,NON-IRRIGATED,ALL ECOSYSTEMS,IRRIGATED,NON-IRRIGATED,ALL ECOSYSTEMS,IRRIGATED,NON-IRRIGATED,ALL ECOSYSTEMS,IRRIGATED,NON-IRRIGATED,ALL ECOSYSTEMS,IRRIGATED,NON-IRRIGATED,ALL ECOSYSTEMS,IRRIGATED,NON-IRRIGATED
,(n = 42),(n = 29),(n = 13),(n = 52),(n = 32),(n = 20),(n = 60),(n = 34),(n = 26),(n = 60),(n = 29),(n = 31),(n = 60),(n = 38),(n = 22),(n = 60),(n = 39),(n = 21)
,(Percent of farmers),,,,,,,,,,,,,,,,,
Tenant,64,72,46,81,88,70,78,88,65,63,52,74,80,84,73,52,54,48
Owner,29,24,38,19,16,25,23,18,31,38,28,48,22,16,32,20,8,43
Lessee,12,10,15,2,3,0,0,0,0,13,28,0,0,0,0,27,38,5
Mortgagee,2.4,3.4,0,3.8,0,10,0,0,0,0,0,0,1.7,0,4.5,0,0,0
Amortizing/partially owned,0,0,0,0,0,0,1.7,0,3.8,0,0,0,1.7,0,4.5,1.7,0,4.8
Common/own by parents/free of rent/own like,0,0,0,0,0,0,3.3,0,7.7,0,0,0,0,0,0,0,0,0
Others (unspecified)/accretion,0,0,0,0,0,0,0,0,0,1.7,0,3.2,0,0,0,0,0,0
Occidental Mindoro,Jul-Dec 2006 harvest,,,Jan-Jun 2007 harvest,,,Jul-Dec 2011 harvest,,,Jan-Jun 2012 harvest,,,Jul-Dec 2016 harvest,,,Jan-Jun 2017 harvest,,
Tenurial Status*,ALL ECOSYSTEMS,IRRIGATED,NON-IRRIGATED,ALL ECOSYSTEMS,IRRIGATED,NON-IRRIGATED,ALL ECOSYSTEMS,IRRIGATED,NON-IRRIGATED,ALL ECOSYSTEMS,IRRIGATED,NON-IRRIGATED,ALL ECOSYSTEMS,IRRIGATED,NON-IRRIGATED,ALL ECOSYSTEMS,IRRIGATED,NON-IRRIGATED
,(n = 51),(n = 26),(n = 25),(n = 25),(n = 25),(n = 0),(n = 60),(n = 43),(n = 17),(n = 55),(n = 37),(n = 18),(n = 60),(n = 38),(n = 22),(n = 60),(n = 50),(n = 10)
,(Percent of farmers),,,,,,,,,,,,,,,,,
Owner,57,58,56,52,52,0,65,63,71,69,68,72,55,50,64,57,58,50
Tenant,12,8,16,48,48,0,20,26,6,15,19,6,42,45,36,33,30,50
Lessee,31,42,20,0,0,0,22,21,24,20,19,22,3,3,5,8,10,0
Mortgagee,5.9,3.8,8,8,8,0,3.3,4.7,0,5.5,5.4,5.6,3.3,2.6,4.5,8.3,10,0
Amortizing/partially owned,14,12,16,4,4,0,0,0,0,0,0,0,5,5,5,2,2,0
Rotation,0,0,0,0,0,0,0,0,0,0,0,0,0,0,0,1.7,2,0
Common/own by parents/free of rent/own like,0,0,0,0,0,0,0,0,0,0,0,0,1.7,0,4.5,0,0,0
Oriental Mindoro,Jul-Dec 2006 harvest,,,Jan-Jun 2007 harvest,,,Jul-Dec 2011 harvest,,,Jan-Jun 2012 harvest,,,Jul-Dec 2016 harvest,,,Jan-Jun 2017 harvest,,
Tenurial Status*,ALL ECOSYSTEMS,IRRIGATED,NON-IRRIGATED,ALL ECOSYSTEMS,IRRIGATED,NON-IRRIGATED,ALL ECOSYSTEMS,IRRIGATED,NON-IRRIGATED,ALL ECOSYSTEMS,IRRIGATED,NON-IRRIGATED,ALL ECOSYSTEMS,IRRIGATED,NON-IRRIGATED,ALL ECOSYSTEMS,IRRIGATED,NON-IRRIGATED
,(n = 85),(n = 67),(n = 18),(n = 86),(n = 82),(n = 4),(n = 86),(n = 76),(n = 10),(n = 86),(n = 70),(n = 16),(n = 86),(n = 71),(n = 15),(n = 86),(n = 75),(n = 11)
,(Percent of farmers),,,,,,,,,,,,,,,,,
Owner,53,54,50,60,62,25,59,61,50,53,59,31,65,65,67,53,53,55
Tenant,38,34,50,33,32,50,31,30,40,30,30,31,48,48,47,40,39,45
Lessee,12,15,0,8,9,0,12,13,0,17,17,19,1,1,0,15,15,18
Common/own by parents/free of rent/own like,2,3,0,3,2,25,3,3,10,8,7,13,1,1,0,0,0,0
Mortgagee,1.2,1.5,0,2.3,2.4,0,1.2,1.3,0,0,0,0,2.3,2.8,0,3.5,4,0
Amortizing/partially owned,0,0,0,1.2,1.2,0,2.3,2.6,0,1.2,1.4,0,0,0,0,1.2,1.3,0
Others (unspecified)/accretion,0,0,0,0,0,0,0,0,0,2.3,0,12.5,0,0,0,0,0,0
Administrator/maintainer,1.2,1.5,0,0,0,0,0,0,0,0,0,0,0,0,0,0,0,0
Palawan,Jul-Dec 2006 harvest,,,Jan-Jun 2007 harvest,,,Jul-Dec 2011 harvest,,,Jan-Jun 2012 harvest,,,Jul-Dec 2016 harvest,,,Jan-Jun 2017 harvest,,
Tenurial Status*,ALL ECOSYSTEMS,IRRIGATED,NON-IRRIGATED,ALL ECOSYSTEMS,IRRIGATED,NON-IRRIGATED,ALL ECOSYSTEMS,IRRIGATED,NON-IRRIGATED,ALL ECOSYSTEMS,IRRIGATED,NON-IRRIGATED,ALL ECOSYSTEMS,IRRIGATED,NON-IRRIGATED,ALL ECOSYSTEMS,IRRIGATED,NON-IRRIGATED
,(n = 0),(n = 0),(n = 0),(n = 0),(n = 0),(n = 0),(n = 0),(n = 0),(n = 0),(n = 0),(n = 0),(n = 0),(n = 60),(n = 34),(n = 26),(n = 60),(n = 39),(n = 21)
,(Percent of farmers),,,,,,,,,,,,,,,,,
Owner,0,0,0,0,0,0,0,0,0,0,0,0,77,76,77,82,79,86
Tenant,0,0,0,0,0,0,0,0,0,0,0,0,28,29,27,23,28,14
Mortgagee,0,0,0,0,0,0,0,0,0,0,0,0,8.3,11.8,3.8,8.3,12.8,0
Lessee,0,0,0,0,0,0,0,0,0,0,0,0,6.7,8.8,3.8,8.3,7.7,9.5
Common/own by parents/free of rent/own like,0,0,0,0,0,0,0,0,0,0,0,0,1.7,0,3.8,1.7,2.6,0
Albay,Jul-Dec 2006 harvest,,,Jan-Jun 2007 harvest,,,Jul-Dec 2011 harvest,,,Jan-Jun 2012 harvest,,,Jul-Dec 2016 harvest,,,Jan-Jun 2017 harvest,,
Tenurial Status*,ALL ECOSYSTEMS,IRRIGATED,NON-IRRIGATED,ALL ECOSYSTEMS,IRRIGATED,NON-IRRIGATED,ALL ECOSYSTEMS,IRRIGATED,NON-IRRIGATED,ALL ECOSYSTEMS,IRRIGATED,NON-IRRIGATED,ALL ECOSYSTEMS,IRRIGATED,NON-IRRIGATED,ALL ECOSYSTEMS,IRRIGATED,NON-IRRIGATED
,(n = 49),(n = 30),(n = 19),(n = 49),(n = 30),(n = 19),(n = 60),(n = 49),(n = 11),(n = 60),(n = 52),(n = 8),(n = 60),(n = 49),(n = 11),(n = 60),(n = 51),(n = 9)
,(Percent of farmers),,,,,,,,,,,,,,,,,
Owner,37,47,21,47,50,42,55,57,45,48,48,50,63,67,45,63,69,33
Tenant,51,50,53,47,50,42,43,43,45,47,48,38,18,16,27,22,20,33
Lessee,6,3,11,4,0,11,0,0,0,2,2,0,18,16,27,13,12,22
Amortizing/partially owned,4.1,3.3,5.3,2,0,5.3,3.3,2,9.1,6.7,5.8,12.5,1.7,2,0,1.7,2,0
Mortgagee,2,3.3,0,6.1,10,0,0,0,0,0,0,0,1.7,2,0,1.7,2,0
Common/own by parents/free of rent/own like,4.1,0,10.5,0,0,0,0,0,0,0,0,0,1.7,2,0,0,0,0
Camarines Sur,Jul-Dec 2006 harvest,,,Jan-Jun 2007 harvest,,,Jul-Dec 2011 harvest,,,Jan-Jun 2012 harvest,,,Jul-Dec 2016 harvest,,,Jan-Jun 2017 harvest,,
Tenurial Status*,ALL ECOSYSTEMS,IRRIGATED,NON-IRRIGATED,ALL ECOSYSTEMS,IRRIGATED,NON-IRRIGATED,ALL ECOSYSTEMS,IRRIGATED,NON-IRRIGATED,ALL ECOSYSTEMS,IRRIGATED,NON-IRRIGATED,ALL ECOSYSTEMS,IRRIGATED,NON-IRRIGATED,ALL ECOSYSTEMS,IRRIGATED,NON-IRRIGATED
,(n = 90),(n = 71),(n = 19),(n = 90),(n = 82),(n = 8),(n = 116),(n = 89),(n = 27),(n = 115),(n = 76),(n = 39),(n = 116),(n = 74),(n = 42),(n = 116),(n = 81),(n = 35)
,(Percent of farmers),,,,,,,,,,,,,,,,,
Owner,54,56,47,54,57,25,41,40,44,43,39,49,64,70,52,66,70,54
Tenant,24,23,32,27,22,75,49,52,41,50,54,41,31,31,31,30,27,37
Lessee,13,13,16,8,9,0,3,4,0,3,4,0,12,9,17,9,9,11
Amortizing/partially owned,12,14,5,12,13,0,7,3,19,5,1,13,3,3,5,3,2,6
Mortgagee,8,10,0,6,6,0,3,4,0,3,5,0,8,8,7,6,9,0
Common/own by parents/free of rent/own like,0,0,0,2.2,2.4,0,0,0,0,0,0,0,1.7,1.4,2.4,0,0,0
Rotation,0,0,0,0,0,0,0,0,0,0,0,0,0,0,0,0.9,0,2.9
Unspecified/accretion,0,0,0,0,0,0,0.9,1.1,0,0,0,0,0,0,0,0,0,0
Borrowed,0,0,0,0,0,0,0,0,0,0,0,0,0,0,0,0.9,1.2,0
Antique,Jul-Dec 2006 harvest,,,Jan-Jun 2007 harvest,,,Jul-Dec 2011 harvest,,,Jan-Jun 2012 harvest,,,Jul-Dec 2016 harvest,,,Jan-Jun 2017 harvest,,
Tenurial Status*,ALL ECOSYSTEMS,IRRIGATED,NON-IRRIGATED,ALL ECOSYSTEMS,IRRIGATED,NON-IRRIGATED,ALL ECOSYSTEMS,IRRIGATED,NON-IRRIGATED,ALL ECOSYSTEMS,IRRIGATED,NON-IRRIGATED,ALL ECOSYSTEMS,IRRIGATED,NON-IRRIGATED,ALL ECOSYSTEMS,IRRIGATED,NON-IRRIGATED
,(n = 0),(n = 0),(n = 0),(n = 0),(n = 0),(n = 0),(n = 0),(n = 0),(n = 0),(n = 0),(n = 0),(n = 0),(n = 60),(n = 29),(n = 31),(n = 60),(n = 35),(n = 25)
,(Percent of farmers),,,,,,,,,,,,,,,,,
Owner,0,0,0,0,0,0,0,0,0,0,0,0,73,59,87,72,60,88
Tenant,0,0,0,0,0,0,0,0,0,0,0,0,28,38,19,33,40,24
Lessee,0,0,0,0,0,0,0,0,0,0,0,0,12,17,6,15,17,12
Amortizing/partially owned,0,0,0,0,0,0,0,0,0,0,0,0,0,0,0,3.3,2.9,4
Capiz,Jul-Dec 2006 harvest,,,Jan-Jun 2007 harvest,,,Jul-Dec 2011 harvest,,,Jan-Jun 2012 harvest,,,Jul-Dec 2016 harvest,,,Jan-Jun 2017 harvest,,
Tenurial Status*,ALL ECOSYSTEMS,IRRIGATED,NON-IRRIGATED,ALL ECOSYSTEMS,IRRIGATED,NON-IRRIGATED,ALL ECOSYSTEMS,IRRIGATED,NON-IRRIGATED,ALL ECOSYSTEMS,IRRIGATED,NON-IRRIGATED,ALL ECOSYSTEMS,IRRIGATED,NON-IRRIGATED,ALL ECOSYSTEMS,IRRIGATED,NON-IRRIGATED
,(n = 0),(n = 0),(n = 0),(n = 0),(n = 0),(n = 0),(n = 0),(n = 0),(n = 0),(n = 0),(n = 0),(n = 0),(n = 60),(n = 32),(n = 28),(n = 60),(n = 42),(n = 18)
,(Percent of farmers),,,,,,,,,,,,,,,,,
Tenant,0,0,0,0,0,0,0,0,0,0,0,0,55,47,64,58,67,39
Owner,0,0,0,0,0,0,0,0,0,0,0,0,47,47,46,52,45,67
Amortizing/partially owned,0,0,0,0,0,0,0,0,0,0,0,0,3.3,3.1,3.6,1.7,0,5.6
Lessee,0,0,0,0,0,0,0,0,0,0,0,0,1.7,3.1,0,0,0,0
Iloilo,Jul-Dec 2006 harvest,,,Jan-Jun 2007 harvest,,,Jul-Dec 2011 harvest,,,Jan-Jun 2012 harvest,,,Jul-Dec 2016 harvest,,,Jan-Jun 2017 harvest,,
Tenurial Status*,ALL ECOSYSTEMS,IRRIGATED,NON-IRRIGATED,ALL ECOSYSTEMS,IRRIGATED,NON-IRRIGATED,ALL ECOSYSTEMS,IRRIGATED,NON-IRRIGATED,ALL ECOSYSTEMS,IRRIGATED,NON-IRRIGATED,ALL ECOSYSTEMS,IRRIGATED,NON-IRRIGATED,ALL ECOSYSTEMS,IRRIGATED,NON-IRRIGATED
,(n = 81),(n = 38),(n = 43),(n = 88),(n = 70),(n = 18),(n = 116),(n = 62),(n = 54),(n = 78),(n = 39),(n = 39),(n = 116),(n = 55),(n = 61),(n = 116),(n = 61),(n = 55)
,(Percent of farmers),,,,,,,,,,,,,,,,,
Owner,40,50,30,40,43,28,47,66,26,36,31,41,51,44,57,49,46,53
Tenant,25,18,30,27,29,22,30,32,28,29,31,28,35,38,33,38,36,40
Lessee,33,34,33,35,30,56,20,2,41,32,41,23,15,18,11,19,23,15
Amortizing/partially owned,5,5,5,2,3,0,5,2,9,6,0,13,7,4,10,2,0,4
Mortgagee,12,11,14,6,4,11,1,0,2,1,3,0,0,0,0,0,0,0
Common/own by parents/free of rent/own like,2.5,0,4.7,6.8,7.1,5.6,1.7,0,3.7,3.8,2.6,5.1,0,0,0,0,0,0
Others (unspecified)/accretion,0,0,0,0,0,0,0,0,0,1.3,0,2.6,0,0,0,0,0,0
Unspecified/accretion,0,0,0,0,0,0,0.9,1.6,0,0,0,0,0,0,0,0,0,0
Owned by friend,1.2,2.6,0,0,0,0,0,0,0,0,0,0,0,0,0,0,0,0
Bohol,Jul-Dec 2006 harvest,,,Jan-Jun 2007 harvest,,,Jul-Dec 2011 harvest,,,Jan-Jun 2012 harvest,,,Jul-Dec 2016 harvest,,,Jan-Jun 2017 harvest,,
Tenurial Status*,ALL ECOSYSTEMS,IRRIGATED,NON-IRRIGATED,ALL ECOSYSTEMS,IRRIGATED,NON-IRRIGATED,ALL ECOSYSTEMS,IRRIGATED,NON-IRRIGATED,ALL ECOSYSTEMS,IRRIGATED,NON-IRRIGATED,ALL ECOSYSTEMS,IRRIGATED,NON-IRRIGATED,ALL ECOSYSTEMS,IRRIGATED,NON-IRRIGATED
,(n = 75),(n = 22),(n = 53),(n = 76),(n = 61),(n = 15),(n = 86),(n = 36),(n = 50),(n = 86),(n = 32),(n = 54),(n = 86),(n = 28),(n = 58),(n = 86),(n = 30),(n = 56)
,(Percent of farmers),,,,,,,,,,,,,,,,,
Tenant,51,68,43,55,56,53,67,58,74,67,59,72,45,61,38,51,73,39
Owner,63,68,60,51,49,60,50,61,42,38,47,33,58,50,62,58,40,68
Mortgagee,7,0,9,9,7,20,2,3,2,3,6,2,0,0,0,0,0,0
Lessee,6.7,4.5,7.5,3.9,4.9,0,1.2,2.8,0,1.2,0,1.9,4.7,0,6.9,2.3,0,3.6
Common/own by parents/free of rent/own like,0,0,0,0,0,0,0,0,0,10,16,7,0,0,0,0,0,0
Amortizing/partially owned,4,4.5,3.8,2.6,0,13.3,3.5,2.8,4,0,0,0,0,0,0,0,0,0
Unspecified/accretion,0,0,0,0,0,0,3.5,2.8,4,0,0,0,0,0,0,0,0,0
Others (unspecified)/accretion,0,0,0,0,0,0,0,0,0,2.3,0,3.7,0,0,0,0,0,0
Leyte,Jul-Dec 2006 harvest,,,Jan-Jun 2007 harvest,,,Jul-Dec 2011 harvest,,,Jan-Jun 2012 harvest,,,Jul-Dec 2016 harvest,,,Jan-Jun 2017 harvest,,
Tenurial Status*,ALL ECOSYSTEMS,IRRIGATED,NON-IRRIGATED,ALL ECOSYSTEMS,IRRIGATED,NON-IRRIGATED,ALL ECOSYSTEMS,IRRIGATED,NON-IRRIGATED,ALL ECOSYSTEMS,IRRIGATED,NON-IRRIGATED,ALL ECOSYSTEMS,IRRIGATED,NON-IRRIGATED,ALL ECOSYSTEMS,IRRIGATED,NON-IRRIGATED
,(n = 79),(n = 52),(n = 27),(n = 79),(n = 55),(n = 24),(n = 86),(n = 71),(n = 15),(n = 84),(n = 69),(n = 15),(n = 86),(n = 65),(n = 21),(n = 86),(n = 69),(n = 17)
,(Percent of farmers),,,,,,,,,,,,,,,,,
Tenant,38,23,67,42,27,75,67,63,87,71,70,80,50,48,57,64,58,88
Owner,29,29,30,27,29,21,36,42,7,33,36,20,48,48,48,37,43,12
Lessee,37,46,19,34,42,17,5,4,7,4,3,7,12,14,5,2,3,0
Mortgagee,5.1,7.7,0,1.3,1.8,0,3.5,4.2,0,6,5.8,6.7,5.8,7.7,0,2.3,1.4,5.9
Amortizing/partially owned,2.5,3.8,0,0,0,0,0,0,0,0,0,0,2.3,3.1,0,1.2,1.4,0
Common/own by parents/free of rent/own like,0,0,0,0,0,0,0,0,0,0,0,0,3.5,4.6,0,0,0,0
Northern Samar,Jul-Dec 2006 harvest,,,Jan-Jun 2007 harvest,,,Jul-Dec 2011 harvest,,,Jan-Jun 2012 harvest,,,Jul-Dec 2016 harvest,,,Jan-Jun 2017 harvest,,
Tenurial Status*,ALL ECOSYSTEMS,IRRIGATED,NON-IRRIGATED,ALL ECOSYSTEMS,IRRIGATED,NON-IRRIGATED,ALL ECOSYSTEMS,IRRIGATED,NON-IRRIGATED,ALL ECOSYSTEMS,IRRIGATED,NON-IRRIGATED,ALL ECOSYSTEMS,IRRIGATED,NON-IRRIGATED,ALL ECOSYSTEMS,IRRIGATED,NON-IRRIGATED
,(n = 50),(n = 26),(n = 24),(n = 50),(n = 17),(n = 33),(n = 60),(n = 27),(n = 33),(n = 59),(n = 27),(n = 32),(n = 60),(n = 22),(n = 38),(n = 60),(n = 25),(n = 35)
,(Percent of farmers),,,,,,,,,,,,,,,,,
Tenant,74,69,79,66,65,67,58,52,64,59,56,63,68,82,61,67,84,54
Owner,18,15,21,28,12,36,38,37,39,36,30,41,33,14,45,33,12,49
Lessee,10,19.2,0,8,23.5,0,8.3,18.5,0,8.5,18.5,0,1.7,4.5,0,1.7,4,0
Mortgagee,0,0,0,0,0,0,0,0,0,1.7,3.7,0,3.3,4.5,2.6,3.3,4,2.9
Amortizing/partially owned,2,3.8,0,2,5.9,0,0,0,0,0,0,0,0,0,0,0,0,0
Western Samar,Jul-Dec 2006 harvest,,,Jan-Jun 2007 harvest,,,Jul-Dec 2011 harvest,,,Jan-Jun 2012 harvest,,,Jul-Dec 2016 harvest,,,Jan-Jun 2017 harvest,,
Tenurial Status*,ALL ECOSYSTEMS,IRRIGATED,NON-IRRIGATED,ALL ECOSYSTEMS,IRRIGATED,NON-IRRIGATED,ALL ECOSYSTEMS,IRRIGATED,NON-IRRIGATED,ALL ECOSYSTEMS,IRRIGATED,NON-IRRIGATED,ALL ECOSYSTEMS,IRRIGATED,NON-IRRIGATED,ALL ECOSYSTEMS,IRRIGATED,NON-IRRIGATED
,(n = 0),(n = 0),(n = 0),(n = 0),(n = 0),(n = 0),(n = 0),(n = 0),(n = 0),(n = 0),(n = 0),(n = 0),(n = 60),(n = 33),(n = 27),(n = 60),(n = 36),(n = 24)
,(Percent of farmers),,,,,,,,,,,,,,,,,
Tenant,0,0,0,0,0,0,0,0,0,0,0,0,55,55,56,55,56,54
Owner,0,0,0,0,0,0,0,0,0,0,0,0,52,48,56,53,53,54
Lessee,0,0,0,0,0,0,0,0,0,0,0,0,5,3,7.4,5,2.8,8.3
Amortizing/partially owned,0,0,0,0,0,0,0,0,0,0,0,0,1.7,0,3.7,1.7,0,4.2
Rotation,0,0,0,0,0,0,0,0,0,0,0,0,0,0,0,1.7,2.8,0
Common/own by parents/free of rent/own like,0,0,0,0,0,0,0,0,0,0,0,0,1.7,0,3.7,0,0,0
Zamboanga del Norte,Jul-Dec 2006 harvest,,,Jan-Jun 2007 harvest,,,Jul-Dec 2011 harvest,,,Jan-Jun 2012 harvest,,,Jul-Dec 2016 harvest,,,Jan-Jun 2017 harvest,,
Tenurial Status*,ALL ECOSYSTEMS,IRRIGATED,NON-IRRIGATED,ALL ECOSYSTEMS,IRRIGATED,NON-IRRIGATED,ALL ECOSYSTEMS,IRRIGATED,NON-IRRIGATED,ALL ECOSYSTEMS,IRRIGATED,NON-IRRIGATED,ALL ECOSYSTEMS,IRRIGATED,NON-IRRIGATED,ALL ECOSYSTEMS,IRRIGATED,NON-IRRIGATED
,(n = 42),(n = 19),(n = 23),(n = 42),(n = 28),(n = 14),(n = 60),(n = 32),(n = 28),(n = 43),(n = 29),(n = 14),(n = 60),(n = 32),(n = 28),(n = 60),(n = 36),(n = 24)
,(Percent of farmers),,,,,,,,,,,,,,,,,
Owner,64,58,70,60,54,71,45,41,50,53,45,71,62,47,79,78,69,92
Tenant,29,42,17,24,32,7,47,56,36,47,55,29,32,50,11,18,25,8
Lessee,2.4,0,4.3,9.5,10.7,7.1,5,9.4,0,7,10.3,0,8.3,9.4,7.1,6.7,11.1,0
Mortgagee,5,5,4,17,14,21,10,13,7,2,3,0,2,0,4,0,0,0
Amortizing/partially owned,0,0,0,0,0,0,5,6.3,3.6,7,6.9,7.1,0,0,0,0,0,0
Common/own by parents/free of rent/own like,2.4,0,4.3,0,0,0,3.3,0,7.1,0,0,0,1.7,0,3.6,0,0,0
Crop-share,0,0,0,2.4,3.6,0,0,0,0,0,0,0,0,0,0,0,0,0
Zamboanga del Sur,Jul-Dec 2006 harvest,,,Jan-Jun 2007 harvest,,,Jul-Dec 2011 harvest,,,Jan-Jun 2012 harvest,,,Jul-Dec 2016 harvest,,,Jan-Jun 2017 harvest,,
Tenurial Status*,ALL ECOSYSTEMS,IRRIGATED,NON-IRRIGATED,ALL ECOSYSTEMS,IRRIGATED,NON-IRRIGATED,ALL ECOSYSTEMS,IRRIGATED,NON-IRRIGATED,ALL ECOSYSTEMS,IRRIGATED,NON-IRRIGATED,ALL ECOSYSTEMS,IRRIGATED,NON-IRRIGATED,ALL ECOSYSTEMS,IRRIGATED,NON-IRRIGATED
,(n = 51),(n = 39),(n = 12),(n = 51),(n = 42),(n = 9),(n = 60),(n = 45),(n = 15),(n = 60),(n = 49),(n = 11),(n = 60),(n = 53),(n = 7),(n = 60),(n = 52),(n = 8)
,(Percent of farmers),,,,,,,,,,,,,,,,,
Owner,51,49,58,57,62,33,60,58,67,52,47,73,67,70,43,70,69,75
Tenant,20,18,25,16,10,44,32,31,33,42,43,36,17,15,29,17,15,25
Lessee,35,31,50,31,33,22,8,11,0,12,14,0,15,15,14,18,21,0
Amortizing/partially owned,3.9,5.1,0,2,2.4,0,1.7,2.2,0,0,0,0,0,0,0,1.7,1.9,0
Common/own by parents/free of rent/own like,7.8,10.3,0,2,0,11.1,0,0,0,0,0,0,0,0,0,0,0,0
Mortgagee,0,0,0,2,2.4,0,0,0,0,1.7,2,0,3.3,1.9,14.3,0,0,0
Zamboanga Sibugay,Jul-Dec 2006 harvest,,,Jan-Jun 2007 harvest,,,Jul-Dec 2011 harvest,,,Jan-Jun 2012 harvest,,,Jul-Dec 2016 harvest,,,Jan-Jun 2017 harvest,,
Tenurial Status*,ALL ECOSYSTEMS,IRRIGATED,NON-IRRIGATED,ALL ECOSYSTEMS,IRRIGATED,NON-IRRIGATED,ALL ECOSYSTEMS,IRRIGATED,NON-IRRIGATED,ALL ECOSYSTEMS,IRRIGATED,NON-IRRIGATED,ALL ECOSYSTEMS,IRRIGATED,NON-IRRIGATED,ALL ECOSYSTEMS,IRRIGATED,NON-IRRIGATED
,(n = 22),(n = 4),(n = 18),(n = 22),(n = 10),(n = 12),(n = 26),(n = 9),(n = 17),(n = 25),(n = 6),(n = 19),(n = 60),(n = 43),(n = 17),(n = 60),(n = 23),(n = 37)
,(Percent of farmers),,,,,,,,,,,,,,,,,
Owner,55,100,44,59,50,67,81,89,76,88,100,84,65,63,71,82,87,78
Tenant,32,0,39,36,40,33,23,22,24,20,17,21,30,33,24,7,4,8
Lessee,9,0,11,0,0,0,0,0,0,0,0,0,5,5,6,12,9,14
Common/own by parents/free of rent/own like,0,0,0,4.5,10,0,3.8,0,5.9,4,0,5.3,3.3,2.3,5.9,0,0,0
Mortgagee,4.5,0,5.6,0,0,0,0,0,0,0,0,0,0,0,0,0,0,0
Bukidnon,Jul-Dec 2006 harvest,,,Jan-Jun 2007 harvest,,,Jul-Dec 2011 harvest,,,Jan-Jun 2012 harvest,,,Jul-Dec 2016 harvest,,,Jan-Jun 2017 harvest,,
Tenurial Status*,ALL ECOSYSTEMS,IRRIGATED,NON-IRRIGATED,ALL ECOSYSTEMS,IRRIGATED,NON-IRRIGATED,ALL ECOSYSTEMS,IRRIGATED,NON-IRRIGATED,ALL ECOSYSTEMS,IRRIGATED,NON-IRRIGATED,ALL ECOSYSTEMS,IRRIGATED,NON-IRRIGATED,ALL ECOSYSTEMS,IRRIGATED,NON-IRRIGATED
,(n = 47),(n = 29),(n = 18),(n = 48),(n = 42),(n = 6),(n = 86),(n = 73),(n = 13),(n = 77),(n = 71),(n = 6),(n = 86),(n = 64),(n = 22),(n = 86),(n = 63),(n = 23)
,(Percent of farmers),,,,,,,,,,,,,,,,,
Owner,60,55,67,58,62,33,57,58,54,53,54,50,59,55,73,76,78,70
Tenant,15,10,22,17,12,50,14,12,23,14,13,33,33,34,27,20,17,26
Lessee,9,14,0,4,5,0,20,19,23,17,17,17,15,14,18,9,11,4
Mortgagee,26,31,17,8,10,0,5,4,8,12,11,17,1,2,0,5,3,9
Amortizing/partially owned,4.3,6.9,0,8.3,7.1,16.7,2.3,2.7,0,3.9,4.2,0,3.5,4.7,0,3.5,3.2,4.3
Common/own by parents/free of rent/own like,2,3,0,6,7,0,9,8,15,5,4,17,0,0,0,0,0,0
Maintainer,0,0,0,10.4,11.9,0,0,0,0,5.2,4.2,16.7,0,0,0,0,0,0
Permanent hired labor/porsyentuhan,0,0,0,0,0,0,9,11,0,0,0,0,0,0,0,0,0,0
Others (unspecified)/accretion,0,0,0,0,0,0,0,0,0,9,10,0,0,0,0,0,0,0
Davao de Oro,Jul-Dec 2006 harvest,,,Jan-Jun 2007 harvest,,,Jul-Dec 2011 harvest,,,Jan-Jun 2012 harvest,,,Jul-Dec 2016 harvest,,,Jan-Jun 2017 harvest,,
Tenurial Status*,ALL ECOSYSTEMS,IRRIGATED,NON-IRRIGATED,ALL ECOSYSTEMS,IRRIGATED,NON-IRRIGATED,ALL ECOSYSTEMS,IRRIGATED,NON-IRRIGATED,ALL ECOSYSTEMS,IRRIGATED,NON-IRRIGATED,ALL ECOSYSTEMS,IRRIGATED,NON-IRRIGATED,ALL ECOSYSTEMS,IRRIGATED,NON-IRRIGATED
,(n = 6),(n = 6),(n = 0),(n = 12),(n = 12),(n = 0),(n = 26),(n = 22),(n = 4),(n = 25),(n = 20),(n = 5),(n = 60),(n = 30),(n = 30),(n = 60),(n = 40),(n = 20)
,(Percent of farmers),,,,,,,,,,,,,,,,,
Owner,33,33,0,58,58,0,54,55,50,56,60,40,68,63,73,72,78,60
Tenant,83,83,0,50,50,0,31,32,25,28,20,60,25,27,23,32,20,55
Lessee,0,0,0,0,0,0,3.8,4.5,0,4,5,0,8.3,13.3,3.3,6.7,10,0
Amortizing/partially owned,0,0,0,0,0,0,15.4,13.6,25,12,15,0,3.3,3.3,3.3,1.7,2.5,0
Mortgagee,0,0,0,0,0,0,3.8,4.5,0,4,5,0,1.7,0,3.3,0,0,0
Davao del Norte,Jul-Dec 2006 harvest,,,Jan-Jun 2007 harvest,,,Jul-Dec 2011 harvest,,,Jan-Jun 2012 harvest,,,Jul-Dec 2016 harvest,,,Jan-Jun 2017 harvest,,
Tenurial Status*,ALL ECOSYSTEMS,IRRIGATED,NON-IRRIGATED,ALL ECOSYSTEMS,IRRIGATED,NON-IRRIGATED,ALL ECOSYSTEMS,IRRIGATED,NON-IRRIGATED,ALL ECOSYSTEMS,IRRIGATED,NON-IRRIGATED,ALL ECOSYSTEMS,IRRIGATED,NON-IRRIGATED,ALL ECOSYSTEMS,IRRIGATED,NON-IRRIGATED
,(n = 19),(n = 19),(n = 0),(n = 19),(n = 19),(n = 0),(n = 34),(n = 34),(n = 0),(n = 34),(n = 34),(n = 0),(n = 60),(n = 32),(n = 28),(n = 60),(n = 34),(n = 26)
,(Percent of farmers),,,,,,,,,,,,,,,,,
Owner,53,53,0,63,63,0,38,38,0,47,47,0,65,69,61,63,59,69
Tenant,42,42,0,21,21,0,59,59,0,44,44,0,30,31,29,32,29,35
Lessee,5,5,0,21,21,0,3,3,0,12,12,0,5,9,0,12,18,4
Mortgagee,10.5,10.5,0,0,0,0,8.8,8.8,0,14.7,14.7,0,0,0,0,3.3,5.9,0
Amortizing/partially owned,15.8,15.8,0,10.5,10.5,0,0,0,0,0,0,0,3.3,3.1,3.6,0,0,0
Common/own by parents/free of rent/own like,0,0,0,0,0,0,8.8,8.8,0,2.9,2.9,0,3.3,0,7.1,0,0,0
Davao del Sur,Jul-Dec 2006 harvest,,,Jan-Jun 2007 harvest,,,Jul-Dec 2011 harvest,,,Jan-Jun 2012 harvest,,,Jul-Dec 2016 harvest,,,Jan-Jun 2017 harvest,,
Tenurial Status*,ALL ECOSYSTEMS,IRRIGATED,NON-IRRIGATED,ALL ECOSYSTEMS,IRRIGATED,NON-IRRIGATED,ALL ECOSYSTEMS,IRRIGATED,NON-IRRIGATED,ALL ECOSYSTEMS,IRRIGATED,NON-IRRIGATED,ALL ECOSYSTEMS,IRRIGATED,NON-IRRIGATED,ALL ECOSYSTEMS,IRRIGATED,NON-IRRIGATED
,(n = 32),(n = 31),(n = 1),(n = 32),(n = 32),(n = 0),(n = 60),(n = 60),(n = 0),(n = 60),(n = 60),(n = 0),(n = 60),(n = 60),(n = 0),(n = 60),(n = 60),(n = 0)
,(Percent of farmers),,,,,,,,,,,,,,,,,
Owner,41,39,100,41,41,0,48,48,0,42,42,0,52,52,0,72,72,0
Tenant,38,39,0,50,50,0,40,40,0,38,38,0,18,18,0,10,10,0
Lessee,22,23,0,16,16,0,15,15,0,23,23,0,40,40,0,18,18,0
Mortgagee,3.1,3.2,0,0,0,0,6.7,6.7,0,1.7,1.7,0,0,0,0,0,0,0
Others (unspecified)/accretion,0,0,0,0,0,0,0,0,0,5,5,0,0,0,0,0,0,0
Amortizing/partially owned,0,0,0,0,0,0,1.7,1.7,0,1.7,1.7,0,1.7,1.7,0,0,0,0
Davao Oriental,Jul-Dec 2006 harvest,,,Jan-Jun 2007 harvest,,,Jul-Dec 2011 harvest,,,Jan-Jun 2012 harvest,,,Jul-Dec 2016 harvest,,,Jan-Jun 2017 harvest,,
Tenurial Status*,ALL ECOSYSTEMS,IRRIGATED,NON-IRRIGATED,ALL ECOSYSTEMS,IRRIGATED,NON-IRRIGATED,ALL ECOSYSTEMS,IRRIGATED,NON-IRRIGATED,ALL ECOSYSTEMS,IRRIGATED,NON-IRRIGATED,ALL ECOSYSTEMS,IRRIGATED,NON-IRRIGATED,ALL ECOSYSTEMS,IRRIGATED,NON-IRRIGATED
,(n = 60),(n = 58),(n = 2),(n = 60),(n = 58),(n = 2),(n = 60),(n = 60),(n = 0),(n = 60),(n = 60),(n = 0),(n = 60),(n = 60),(n = 0),(n = 60),(n = 60),(n = 0)
,(Percent of farmers),,,,,,,,,,,,,,,,,
Owner,47,47,50,45,45,50,65,65,0,60,60,0,77,77,0,77,77,0
Tenant,22,21,50,27,26,50,28,28,0,27,27,0,12,12,0,22,22,0
Lessee,23,22,50,20,21,0,13,13,0,20,20,0,17,17,0,15,15,0
Mortgagee,5,5,0,12,12,0,0,0,0,0,0,0,2,2,0,0,0,0
Amortizing/partially owned,5,5.2,0,6.7,6.9,0,0,0,0,0,0,0,0,0,0,0,0,0
Common/own by parents/free of rent/own like,3.3,3.4,0,0,0,0,1.7,1.7,0,3.3,3.3,0,0,0,0,0,0,0
Administrator/maintainer,5,5.2,0,0,0,0,0,0,0,0,0,0,0,0,0,0,0,0
Others (unspecified)/accretion,0,0,0,0,0,0,0,0,0,3.3,3.3,0,0,0,0,0,0,0
Maintainer,0,0,0,1.7,1.7,0,0,0,0,0,0,0,0,0,0,0,0,0
Permanent hired labor/porsyentuhan,0,0,0,0,0,0,1.7,1.7,0,0,0,0,0,0,0,0,0,0
North Cotabato,Jul-Dec 2006 harvest,,,Jan-Jun 2007 harvest,,,Jul-Dec 2011 harvest,,,Jan-Jun 2012 harvest,,,Jul-Dec 2016 harvest,,,Jan-Jun 2017 harvest,,
Tenurial Status*,ALL ECOSYSTEMS,IRRIGATED,NON-IRRIGATED,ALL ECOSYSTEMS,IRRIGATED,NON-IRRIGATED,ALL ECOSYSTEMS,IRRIGATED,NON-IRRIGATED,ALL ECOSYSTEMS,IRRIGATED,NON-IRRIGATED,ALL ECOSYSTEMS,IRRIGATED,NON-IRRIGATED,ALL ECOSYSTEMS,IRRIGATED,NON-IRRIGATED
,(n = 41),(n = 30),(n = 11),(n = 41),(n = 37),(n = 3),(n = 86),(n = 60),(n = 26),(n = 68),(n = 49),(n = 19),(n = 86),(n = 59),(n = 27),(n = 86),(n = 54),(n = 32)
,(Percent of farmers),,,,,,,,,,,,,,,,,
Owner,59,63,45,71,68,100,65,57,85,56,51,68,86,85,89,74,74,75
Tenant,34,23,64,29,32,0,24,30,12,28,31,21,14,15,11,27,28,25
Mortgagee,7.3,10,0,14.6,16.2,0,7,8.3,3.8,7.4,10.2,0,0,0,0,0,0,0
Lessee,9.8,13.3,0,4.9,2.7,33.3,0,0,0,7.4,10.2,0,0,0,0,2.3,3.7,0
Amortizing/partially owned,0,0,0,2.4,2.7,0,3.5,5,0,2.9,2,5.3,1.2,1.7,0,0,0,0
Common/own by parents/free of rent/own like,4.9,3.3,9.1,2.4,2.7,0,3.5,5,0,1.5,0,5.3,0,0,0,0,0,0
Others (unspecified)/accretion,0,0,0,0,0,0,0,0,0,7.4,8.2,5.3,0,0,0,0,0,0
Unspecified/accretion,0,0,0,0,0,0,3.5,3.3,3.8,0,0,0,0,0,0,0,0,0
South Cotabato,Jul-Dec 2006 harvest,,,Jan-Jun 2007 harvest,,,Jul-Dec 2011 harvest,,,Jan-Jun 2012 harvest,,,Jul-Dec 2016 harvest,,,Jan-Jun 2017 harvest,,
Tenurial Status*,ALL ECOSYSTEMS,IRRIGATED,NON-IRRIGATED,ALL ECOSYSTEMS,IRRIGATED,NON-IRRIGATED,ALL ECOSYSTEMS,IRRIGATED,NON-IRRIGATED,ALL ECOSYSTEMS,IRRIGATED,NON-IRRIGATED,ALL ECOSYSTEMS,IRRIGATED,NON-IRRIGATED,ALL ECOSYSTEMS,IRRIGATED,NON-IRRIGATED
,(n = 41),(n = 32),(n = 9),(n = 49),(n = 48),(n = 1),(n = 60),(n = 51),(n = 9),(n = 56),(n = 47),(n = 9),(n = 60),(n = 54),(n = 6),(n = 60),(n = 48),(n = 12)
,(Percent of farmers),,,,,,,,,,,,,,,,,
Owner,34,34,33,57,56,100,30,33,11,43,45,33,83,85,67,65,67,58
Tenant,41,38,56,29,29,0,43,41,56,46,45,56,12,9,33,28,25,42
Lessee,9.8,12.5,0,12.2,12.5,0,8.3,9.8,0,7.1,8.5,0,1.7,1.9,0,1.7,2.1,0
Amortizing/partially owned,7,6,11,4,4,0,12,8,33,2,0,11,2,2,0,2,2,0
Mortgagee,12.2,15.6,0,0,0,0,0,0,0,0,0,0,1.7,1.9,0,3.3,4.2,0
Unspecified/accretion,0,0,0,0,0,0,6.7,7.8,0,0,0,0,0,0,0,0,0,0
Others (unspecified)/accretion,0,0,0,0,0,0,0,0,0,1.8,2.1,0,0,0,0,0,0,0
Sultan Kudarat,Jul-Dec 2006 harvest,,,Jan-Jun 2007 harvest,,,Jul-Dec 2011 harvest,,,Jan-Jun 2012 harvest,,,Jul-Dec 2016 harvest,,,Jan-Jun 2017 harvest,,
Tenurial Status*,ALL ECOSYSTEMS,IRRIGATED,NON-IRRIGATED,ALL ECOSYSTEMS,IRRIGATED,NON-IRRIGATED,ALL ECOSYSTEMS,IRRIGATED,NON-IRRIGATED,ALL ECOSYSTEMS,IRRIGATED,NON-IRRIGATED,ALL ECOSYSTEMS,IRRIGATED,NON-IRRIGATED,ALL ECOSYSTEMS,IRRIGATED,NON-IRRIGATED
,(n = 53),(n = 40),(n = 13),(n = 45),(n = 38),(n = 7),(n = 60),(n = 45),(n = 15),(n = 46),(n = 44),(n = 2),(n = 60),(n = 43),(n = 17),(n = 60),(n = 35),(n = 25)
,(Percent of farmers),,,,,,,,,,,,,,,,,
Owner,53,50,62,56,58,43,40,33,60,48,48,50,68,70,65,63,63,64
Tenant,42,40,46,47,45,57,37,38,33,37,39,0,25,26,24,38,37,40
Amortizing/partially owned,4,5,0,0,0,0,13,18,0,7,7,0,7,7,6,0,0,0
Lessee,7.5,10,0,2.2,2.6,0,5,4.4,6.7,4.3,2.3,50,1.7,0,5.9,0,0,0
Unspecified/accretion,0,0,0,0,0,0,10,13.3,0,0,0,0,0,0,0,0,0,0
Mortgagee,1.9,2.5,0,0,0,0,0,0,0,6.5,6.8,0,0,0,0,1.7,0,4
Administrator/maintainer,1.9,2.5,0,0,0,0,0,0,0,0,0,0,0,0,0,0,0,0
Agusan del Norte,Jul-Dec 2006 harvest,,,Jan-Jun 2007 harvest,,,Jul-Dec 2011 harvest,,,Jan-Jun 2012 harvest,,,Jul-Dec 2016 harvest,,,Jan-Jun 2017 harvest,,
Tenurial Status*,ALL ECOSYSTEMS,IRRIGATED,NON-IRRIGATED,ALL ECOSYSTEMS,IRRIGATED,NON-IRRIGATED,ALL ECOSYSTEMS,IRRIGATED,NON-IRRIGATED,ALL ECOSYSTEMS,IRRIGATED,NON-IRRIGATED,ALL ECOSYSTEMS,IRRIGATED,NON-IRRIGATED,ALL ECOSYSTEMS,IRRIGATED,NON-IRRIGATED
,(n = 25),(n = 15),(n = 10),(n = 25),(n = 17),(n = 8),(n = 60),(n = 32),(n = 28),(n = 51),(n = 34),(n = 17),(n = 60),(n = 36),(n = 24),(n = 60),(n = 38),(n = 22)
,(Percent of farmers),,,,,,,,,,,,,,,,,
Owner,24,20,30,40,47,25,38,53,21,37,47,18,47,36,63,42,39,45
Tenant,32,27,40,12,6,25,37,25,50,31,21,53,43,47,38,40,47,27
Lessee,44,53,30,48,53,38,28,28,29,41,44,35,15,19,8,35,37,32
Amortizing/partially owned,8,0,20,12,5.9,25,3.3,3.1,3.6,5.9,5.9,5.9,1.7,2.8,0,0,0,0
Mortgagee,4,6.7,0,12,5.9,25,0,0,0,0,0,0,0,0,0,0,0,0
Agusan del Sur,Jul-Dec 2006 harvest,,,Jan-Jun 2007 harvest,,,Jul-Dec 2011 harvest,,,Jan-Jun 2012 harvest,,,Jul-Dec 2016 harvest,,,Jan-Jun 2017 harvest,,
Tenurial Status*,ALL ECOSYSTEMS,IRRIGATED,NON-IRRIGATED,ALL ECOSYSTEMS,IRRIGATED,NON-IRRIGATED,ALL ECOSYSTEMS,IRRIGATED,NON-IRRIGATED,ALL ECOSYSTEMS,IRRIGATED,NON-IRRIGATED,ALL ECOSYSTEMS,IRRIGATED,NON-IRRIGATED,ALL ECOSYSTEMS,IRRIGATED,NON-IRRIGATED
,(n = 41),(n = 26),(n = 15),(n = 41),(n = 24),(n = 17),(n = 60),(n = 36),(n = 24),(n = 60),(n = 32),(n = 28),(n = 60),(n = 28),(n = 32),(n = 60),(n = 43),(n = 17)
,(Percent of farmers),,,,,,,,,,,,,,,,,
Owner,49,58,33,61,63,59,58,61,54,58,56,61,73,64,81,75,72,82
Tenant,22,15,33,17,17,18,20,11,33,28,19,39,33,36,31,23,21,29
Lessee,24,35,7,27,29,24,15,19,8,18,22,14,5,11,0,12,14,6
Amortizing/partially owned,9.8,7.7,13.3,14.6,16.7,11.8,8.3,13.9,0,5,9.4,0,6.7,3.6,9.4,3.3,4.7,0
Mortgagee,14.6,15.4,13.3,2.4,4.2,0,0,0,0,0,0,0,0,0,0,1.7,0,5.9
Common/own by parents/free of rent/own like,0,0,0,4.9,4.2,5.9,0,0,0,8.3,6.3,10.7,0,0,0,0,0,0
Unspecified/accretion,0,0,0,0,0,0,3.3,2.8,4.2,0,0,0,0,0,0,0,0,0
Others (unspecified)/accretion,0,0,0,0,0,0,0,0,0,1.7,3.1,0,0,0,0,0,0,0
Lanao Del Sur,Jul-Dec 2006 harvest,,,Jan-Jun 2007 harvest,,,Jul-Dec 2011 harvest,,,Jan-Jun 2012 harvest,,,Jul-Dec 2016 harvest,,,Jan-Jun 2017 harvest,,
Tenurial Status*,ALL ECOSYSTEMS,IRRIGATED,NON-IRRIGATED,ALL ECOSYSTEMS,IRRIGATED,NON-IRRIGATED,ALL ECOSYSTEMS,IRRIGATED,NON-IRRIGATED,ALL ECOSYSTEMS,IRRIGATED,NON-IRRIGATED,ALL ECOSYSTEMS,IRRIGATED,NON-IRRIGATED,ALL ECOSYSTEMS,IRRIGATED,NON-IRRIGATED
,(n = 0),(n = 0),(n = 0),(n = 0),(n = 0),(n = 0),(n = 0),(n = 0),(n = 0),(n = 0),(n = 0),(n = 0),(n = 60),(n = 22),(n = 38),(n = 0),(n = 0),(n = 0)
,(Percent of farmers),,,,,,,,,,,,,,,,,
Tenant,0,0,0,0,0,0,0,0,0,0,0,0,65,73,61,0,0,0
Owner,0,0,0,0,0,0,0,0,0,0,0,0,35,27,39,0,0,0
Maguindanao,Jul-Dec 2006 harvest,,,Jan-Jun 2007 harvest,,,Jul-Dec 2011 harvest,,,Jan-Jun 2012 harvest,,,Jul-Dec 2016 harvest,,,Jan-Jun 2017 harvest,,
Tenurial Status*,ALL ECOSYSTEMS,IRRIGATED,NON-IRRIGATED,ALL ECOSYSTEMS,IRRIGATED,NON-IRRIGATED,ALL ECOSYSTEMS,IRRIGATED,NON-IRRIGATED,ALL ECOSYSTEMS,IRRIGATED,NON-IRRIGATED,ALL ECOSYSTEMS,IRRIGATED,NON-IRRIGATED,ALL ECOSYSTEMS,IRRIGATED,NON-IRRIGATED
,(n = 37),(n = 23),(n = 14),(n = 37),(n = 37),(n = 0),(n = 77),(n = 58),(n = 19),(n = 48),(n = 33),(n = 15),(n = 86),(n = 60),(n = 26),(n = 77),(n = 44),(n = 33)
,(Percent of farmers),,,,,,,,,,,,,,,,,
Owner,73,96,36,49,49,0,69,78,42,69,67,73,72,82,50,62,64,61
Tenant,27,4,64,27,27,0,29,21,53,31,33,27,26,18,42,32,32,33
Lessee,0,0,0,0,0,0,3.9,3.4,5.3,0,0,0,3.5,3.3,3.8,3.9,4.5,3
Mortgagee,5.4,8.7,0,0,0,0,0,0,0,0,0,0,2.3,0,7.7,0,0,0
Amortizing/partially owned,0,0,0,5.4,5.4,0,0,0,0,0,0,0,0,0,0,1.3,2.3,0
